0 0.778430 0.655236 0.084578 0.071583
0 0.800590 0.506889 0.063258 0.047667
0 0.682031 0.497563 0.052500 0.052875
0 0.565293 0.478840 0.051898 0.052153
0 0.258871 0.546056 0.041852 0.098833
0 0.363664 0.411792 0.026578 0.025250
0 0.346605 0.433646 0.026492 0.028681
0 0.955594 0.604542 0.060469 0.071000
0 0.633387 0.444938 0.087336 0.080431
0 0.388750 0.427799 0.027500 0.036986
0 0.188445 0.435361 0.037875 0.055556
0 0.220637 0.396653 0.022742 0.031944
0 0.249547 0.403299 0.025531 0.035486
0 0.284570 0.401694 0.029297 0.035333
0 0.302547 0.423590 0.023687 0.028569
0 0.252352 0.948736 0.095609 0.102528
0 0.468273 0.970701 0.107016 0.055569
0 0.627371 0.871375 0.118383 0.170028
0 0.274621 0.484181 0.037883 0.055556
0 0.320074 0.477438 0.037883 0.042097
0 0.373090 0.504410 0.041633 0.055625
0 0.709703 0.551840 0.060687 0.062014
0 0.821996 0.559021 0.068773 0.055764
0 0.424316 0.566549 0.052336 0.080403
0 0.301055 0.650069 0.051656 0.093056
0 0.332496 0.536979 0.043039 0.062375
0 0.567648 0.498556 0.055547 0.091250
