0 0.343578 0.494569 0.039547 0.042861
0 0.423809 0.421687 0.037070 0.034153
0 0.668086 0.521965 0.043828 0.044931
0 0.382117 0.624201 0.050766 0.077236
0 0.239656 0.521167 0.040266 0.063167
0 0.307414 0.529340 0.047016 0.072653
0 0.639145 0.561507 0.038602 0.050625
0 0.985582 0.636264 0.028383 0.087583
0 0.830715 0.612056 0.071617 0.062139
0 0.294383 0.465417 0.039516 0.053139
0 0.597695 0.638583 0.071359 0.097722
0 0.434230 0.899181 0.103195 0.197167
0 0.507133 0.464465 0.040359 0.037986
0 0.874926 0.697778 0.079148 0.081972
0 0.273965 0.839493 0.085648 0.135764
0 0.853082 0.942514 0.107055 0.108250
0 0.333695 0.428840 0.029641 0.027042
0 0.193617 0.477417 0.013500 0.032583
0 0.192652 0.443125 0.019289 0.036000
0 0.178668 0.414840 0.014461 0.024014
0 0.189273 0.395125 0.024109 0.029139
0 0.341648 0.409694 0.031828 0.024000
0 0.568762 0.444847 0.040508 0.036000
0 0.562012 0.488528 0.046289 0.047944
0 0.230742 0.395979 0.020250 0.027431
0 0.252441 0.404556 0.025070 0.030861
