0 0.264668 0.398326 0.021758 0.028597
0 0.222996 0.381507 0.029320 0.028569
0 0.213074 0.406764 0.022711 0.025194
0 0.774734 0.870417 0.118641 0.148306
0 0.456187 0.604014 0.051344 0.077194
0 0.715336 0.513646 0.055375 0.059792
0 0.700340 0.598917 0.066695 0.071306
0 0.267227 0.587076 0.047422 0.076542
0 0.521508 0.653722 0.071312 0.110250
0 0.850840 0.694007 0.089523 0.083181
0 0.340656 0.542938 0.051359 0.061986
0 0.284801 0.690958 0.060633 0.132806
0 0.409402 0.675194 0.059086 0.113833
0 0.422348 0.540569 0.056820 0.069028
0 0.496211 0.550674 0.053031 0.058931
0 0.236742 0.520375 0.037875 0.055556
0 0.670461 0.959653 0.125016 0.080694
0 0.264203 0.485861 0.037875 0.055556
0 0.240527 0.408361 0.034086 0.031944
0 0.230113 0.453056 0.037883 0.050556
0 0.246949 0.914000 0.098727 0.153556
0 0.576258 0.483083 0.050875 0.052889
0 0.877773 0.645674 0.082687 0.071264
0 0.366016 0.424792 0.040141 0.047306
0 0.313867 0.415049 0.029781 0.041597
0 0.485813 0.438757 0.037906 0.035292
0 0.461187 0.450479 0.020812 0.035403
0 0.444586 0.462278 0.038859 0.035389
0 0.178039 0.395792 0.015141 0.020194
