0 0.247816 0.521667 0.047492 0.084167
0 0.595125 0.528715 0.048922 0.060597
0 0.839027 0.618604 0.091758 0.080875
0 0.499820 0.556868 0.065250 0.073042
0 0.532348 0.674667 0.070008 0.105194
0 0.491508 0.462472 0.038531 0.040222
0 0.626020 0.499549 0.052102 0.053181
0 0.447813 0.457743 0.046500 0.048264
0 0.440617 0.581764 0.052109 0.067083
0 0.342871 0.543014 0.040086 0.067778
0 0.214488 0.402528 0.016102 0.025250
0 0.197441 0.403368 0.025570 0.026931
0 0.831438 0.550674 0.089016 0.069014
0 0.518941 0.442083 0.049242 0.047139
0 0.431820 0.422708 0.035984 0.038750
0 0.383996 0.426090 0.017992 0.028625
0 0.364582 0.437875 0.039773 0.038722
0 0.325281 0.419354 0.031250 0.031986
0 0.285035 0.404208 0.032195 0.028611
0 0.244305 0.431153 0.041641 0.038694
0 0.254262 0.453028 0.029352 0.052194
0 0.722699 0.548438 0.064523 0.070153
0 0.290105 0.597812 0.080836 0.175625
0 0.350098 0.470444 0.042148 0.056167
