0 0.825617 0.553174 0.072453 0.071042
0 0.765852 0.602361 0.068687 0.075500
0 0.559059 0.775174 0.082117 0.124764
0 0.835090 0.689382 0.090305 0.084542
0 0.555629 0.460847 0.035242 0.038972
0 0.282715 0.652715 0.056102 0.099875
0 0.502848 0.649896 0.069930 0.107847
0 0.245195 0.468882 0.037844 0.045958
0 0.352063 0.438153 0.024984 0.019639
0 0.224430 0.931479 0.115531 0.137042
0 0.431816 0.947979 0.130680 0.102681
0 0.970645 0.720708 0.058711 0.089222
0 0.620738 0.448819 0.048289 0.037028
0 0.637312 0.478285 0.043562 0.035347
0 0.613164 0.503535 0.050188 0.048819
0 0.261363 0.544778 0.041664 0.060611
0 0.382121 0.482514 0.040758 0.047194
0 0.312973 0.476597 0.038820 0.035361
0 0.322363 0.421014 0.029898 0.032917
0 0.302109 0.401125 0.029891 0.024000
0 0.272199 0.404583 0.027945 0.027500
0 0.201328 0.393410 0.027000 0.025708
0 0.457422 0.468208 0.037969 0.031639
0 0.391980 0.429813 0.030367 0.020931
0 0.323359 0.525993 0.047531 0.070597
0 0.485961 0.453208 0.033984 0.043111
