0 0.913137 0.602528 0.082008 0.076333
0 0.196020 0.388215 0.022727 0.026931
0 0.211648 0.405049 0.019891 0.020208
0 0.259941 0.407576 0.033148 0.028625
0 0.372160 0.479118 0.041664 0.040403
0 0.398199 0.415153 0.035039 0.037028
0 0.391574 0.638215 0.089961 0.190236
0 0.433711 0.570035 0.030297 0.067347
0 0.431816 0.511111 0.047352 0.067333
0 0.733426 0.797306 0.118367 0.175083
0 0.261836 0.488382 0.036938 0.045458
0 0.261836 0.458076 0.036938 0.048819
0 0.289301 0.437035 0.035039 0.037042
0 0.920453 0.548986 0.079547 0.058917
0 0.333816 0.486021 0.042555 0.046042
0 0.322051 0.417250 0.041477 0.034167
0 0.251699 0.551090 0.041086 0.049458
0 0.292254 0.506646 0.039008 0.062097
0 0.328020 0.541375 0.038570 0.062972
0 0.508844 0.566375 0.054641 0.063167
0 0.897281 0.460250 0.070922 0.064389
0 0.301063 0.596229 0.042797 0.074347
0 0.544289 0.733528 0.073797 0.110306
0 0.748547 0.577972 0.070609 0.064361
0 0.737738 0.492535 0.051555 0.051847
0 0.293238 0.778486 0.072430 0.150000
