0 0.660035 0.469868 0.049242 0.045458
0 0.464488 0.447139 0.036930 0.026944
0 0.516098 0.431146 0.043555 0.045458
0 0.272727 0.463132 0.037875 0.031986
0 0.233902 0.442090 0.037883 0.023569
0 0.323863 0.446299 0.037883 0.048819
0 0.370738 0.439563 0.025570 0.028625
0 0.404828 0.449660 0.031250 0.031986
0 0.263730 0.415993 0.021773 0.018514
0 0.297824 0.405049 0.027461 0.023569
0 0.341855 0.420201 0.024617 0.020208
0 0.225852 0.406729 0.023672 0.023569
0 0.253312 0.402521 0.021781 0.018514
0 0.379262 0.514479 0.046398 0.053875
0 0.175660 0.377271 0.063445 0.069014
0 0.233086 0.473785 0.034609 0.029681
0 0.327797 0.537694 0.041438 0.066500
0 0.476270 0.632667 0.059898 0.081889
0 0.700043 0.537701 0.057023 0.058625
0 0.736105 0.518403 0.052773 0.050639
0 0.285625 0.625569 0.053938 0.103528
0 0.616543 0.497646 0.051570 0.059653
0 0.842543 0.615944 0.072773 0.069472
0 0.778332 0.642958 0.087617 0.117111
0 0.262273 0.898542 0.121719 0.191667
0 0.552844 0.472118 0.052297 0.055625
0 0.292566 0.503799 0.040148 0.049764
0 0.623305 0.679708 0.078016 0.101861
0 0.438078 0.582187 0.048578 0.062819
0 0.990824 0.642319 0.018023 0.057972
0 0.460699 0.524583 0.052086 0.063972
0 0.543559 0.586021 0.058711 0.079125
