0 0.745027 0.559569 0.055695 0.054778
0 0.732812 0.622708 0.072813 0.075139
0 0.866848 0.720812 0.096039 0.097514
0 0.620637 0.550562 0.052273 0.055542
0 0.267316 0.539250 0.040164 0.069194
0 0.502387 0.554028 0.049195 0.056472
0 0.240484 0.466326 0.041906 0.049708
0 0.396125 0.691528 0.059344 0.093444
0 0.655121 0.520931 0.051320 0.034361
0 0.779273 0.545604 0.044672 0.039958
0 0.227262 0.470313 0.069102 0.060264
0 0.289469 0.501903 0.037484 0.041806
0 0.560852 0.510090 0.048672 0.048569
0 0.366961 0.510285 0.042641 0.052208
0 0.507102 0.447979 0.116484 0.132986
0 0.437500 0.438722 0.035984 0.030306
0 0.346590 0.428618 0.034086 0.026931
0 0.358902 0.420201 0.022727 0.030292
0 0.217328 0.400840 0.031250 0.021875
0 0.221117 0.426090 0.029359 0.035347
0 0.428504 0.502694 0.044508 0.047139
0 0.668559 0.491757 0.039773 0.031986
0 0.453125 0.958917 0.110797 0.077444
