0 0.197914 0.453028 0.017047 0.038722
0 0.345168 0.401681 0.036930 0.026944
0 0.296402 0.416840 0.030305 0.023569
0 0.597602 0.826569 0.094047 0.139778
0 0.498109 0.628722 0.066484 0.102194
0 0.766156 0.642278 0.077375 0.085111
0 0.920125 0.651618 0.100234 0.102764
0 0.703902 0.503556 0.056852 0.056694
0 0.628617 0.510549 0.052250 0.047597
0 0.650879 0.573160 0.051320 0.038792
0 0.308668 0.521285 0.039961 0.057486
0 0.467348 0.448007 0.040352 0.031847
0 0.349660 0.424222 0.024742 0.022278
0 0.872602 0.930875 0.146359 0.133806
0 0.544996 0.502125 0.044727 0.050056
0 0.657918 0.699174 0.088586 0.113542
0 0.401004 0.677424 0.060992 0.114903
0 0.443539 0.502944 0.049437 0.066778
0 0.426203 0.434785 0.024469 0.028347
0 0.369398 0.587653 0.046719 0.076750
0 0.661934 0.967340 0.111742 0.060597
0 0.173293 0.397472 0.013258 0.018528
0 0.187500 0.394111 0.015156 0.021889
0 0.260891 0.413465 0.019891 0.020208
0 0.237215 0.401681 0.016102 0.020194
0 0.216855 0.403368 0.022727 0.023569
0 0.545453 0.460611 0.045453 0.030306
0 0.532668 0.583500 0.053977 0.060611
0 0.467805 0.418514 0.034094 0.030306
0 0.373578 0.518688 0.042609 0.052181
0 0.378789 0.473236 0.035984 0.042083
0 0.330492 0.483333 0.039766 0.045444
0 0.257098 0.479104 0.035023 0.043736
0 0.248578 0.446292 0.033141 0.038722
