0 0.537406 0.434507 0.040719 0.031986
0 0.663152 0.476292 0.043758 0.030861
0 0.282738 0.782111 0.078508 0.169556
0 0.936516 0.692208 0.085641 0.076556
0 0.866457 0.958875 0.099273 0.069972
0 0.979398 0.580125 0.041125 0.071694
0 0.675188 0.964812 0.109844 0.069014
0 0.285512 0.630639 0.048289 0.074083
0 0.275094 0.579292 0.040719 0.038722
0 0.331437 0.548146 0.045453 0.057236
0 0.340910 0.493431 0.041664 0.052194
0 0.447281 0.573403 0.053781 0.065833
0 0.610254 0.474090 0.050336 0.051625
0 0.596523 0.529813 0.038641 0.048931
0 0.397578 0.657521 0.069687 0.137236
0 0.929129 0.608486 0.083602 0.075306
0 0.676910 0.580743 0.062211 0.066819
0 0.522504 0.693181 0.066523 0.116250
0 0.682719 0.721694 0.086203 0.128083
0 0.811191 0.676153 0.085023 0.082917
0 0.344695 0.465660 0.034094 0.026931
0 0.202652 0.479965 0.030305 0.052181
0 0.236742 0.519528 0.039766 0.050500
0 0.241004 0.467340 0.036930 0.043764
0 0.264676 0.450507 0.042617 0.043764
0 0.213070 0.437875 0.034094 0.038722
0 0.262313 0.409257 0.028406 0.028625
0 0.394422 0.442896 0.035062 0.038653
0 0.446020 0.467340 0.039773 0.043764
0 0.499996 0.484174 0.049242 0.053875
0 0.473957 0.427778 0.046398 0.045444
0 0.373105 0.415153 0.034086 0.037028
0 0.312500 0.415153 0.030297 0.030306
0 0.235797 0.401681 0.028406 0.030306
0 0.188918 0.395792 0.017992 0.028611
0 0.170453 0.391583 0.017047 0.026944
