0 0.608117 0.889674 0.110719 0.182292
0 0.768801 0.568944 0.067367 0.067306
0 0.814422 0.519597 0.059906 0.057917
0 0.265152 0.405049 0.024617 0.023569
0 0.772852 0.652861 0.078312 0.090583
0 0.635223 0.557438 0.058961 0.051931
0 0.478219 0.610437 0.064391 0.087542
0 0.595645 0.459764 0.032195 0.045444
0 0.192707 0.399153 0.017992 0.021889
0 0.236266 0.408417 0.031250 0.026944
0 0.556359 0.466181 0.053844 0.048750
0 0.274148 0.484174 0.036938 0.043764
0 0.238637 0.533000 0.037883 0.050500
0 0.308711 0.469861 0.037875 0.042083
0 0.377840 0.618007 0.056820 0.095958
0 0.395359 0.446299 0.035031 0.031986
0 0.428504 0.437042 0.038820 0.033667
0 0.965617 0.707667 0.064375 0.065278
0 0.762918 0.409319 0.037430 0.050444
0 0.326355 0.416861 0.034852 0.035861
0 0.462691 0.949444 0.114289 0.095083
0 0.497332 0.481389 0.042758 0.038750
0 0.686523 0.742688 0.090188 0.116347
0 0.271941 0.832722 0.080508 0.161889
0 0.275813 0.707993 0.062688 0.101264
